贴吧名,帖子标题,ID,内容,发布时间
未注册id吧,你们看了微博热搜那个离婚冷静期吗,小狗,看了之后更不想结婚了,2020-05-28 20:19
未注册id吧,你们看了微博热搜那个离婚冷静期吗,红线,摸摸,2020-05-28 20:20
未注册id吧,你们看了微博热搜那个离婚冷静期吗,黑色大丽花,还没得！,2020-05-28 20:21
未注册id吧,你们看了微博热搜那个离婚冷静期吗,小蝶,没,2020-05-28 20:38
未注册id吧,你们看了微博热搜那个离婚冷静期吗,1年A班,没有,2020-05-28 20:44
未注册id吧,你们看了微博热搜那个离婚冷静期吗,413,看了，好难过,2020-05-28 20:44
未注册id吧,你们看了微博热搜那个离婚冷静期吗,Ulny,我去看看,2020-05-28 20:44
