贴吧名,帖子标题,ID,内容,发布时间
男权吧,冷静期 与片婚,我的健康台风,"好像冷静期完全没有遏制片婚
难道民政局对于女方提出的离婚都直接同意了?",2024-04-23 21:56
